32 32
00000000000000000000000000000000
00000000000000000000000000000000
00000000000000000000000000000000
00000000000000000000000000000000
00000000000000000000000000000000
00000003000000000000000000000000
00000000000000000000000000000000
00000000000000000000000000000000
00000000000000000000000000000000
00000000000000000000000000000000
00000000000000000000000000000000
00000000000000000000000000000000
00000000000000000000000000000000
00000000000000000000000000000000
00000000000000001111111001111111
00000000000000001000000000000000
00000000000000001000000000000000
00000000000000001000000000200000
00000000000000001000000000000000
00000000000000001000000000000000
00000000000000001000000000000000
00000000000000001000000000000000
00000000000000001000000000000000
00000000000000001000000000000000
00000000000000001000000000000000
00000000000000000000020000000000
00000000000000001000000000000000
00000000000000001000000000000000
00000000000000001000000000000000
00000000000000001000000000000000
00000000000000001000000000000000
00000000000000001000000000000000
24 1 26 3
2 22 4 25