32 32
00100000000000000000000000000003
00100000000000000000000000000000
00000110000000000000000000000000
00020000000000000000000000000000
00000000000000000000000000000000
00001111000000000000000000000000
00000000000000000000000000000000
00000000000000000000000000000000
00000000000000000000000000000000
00000000000000000000000000000000
00100000000000000000000000000000
00100000000000000000000000000000
00000110000000000000000000000000
00000000000000000000000000000000
00000000000000000001010000000000
00001111000000000001210000000000
00000000000000000001110000000000
00000000000000000000000000000000
00000000000000000000000000000000
00000000000000000000000000000000
00100000000000000000000000000000
00100000000000000000000000000000
00000110000000000000000000000000
00000000000000000000011111000000
00000000000000000000000000000000
00001111000000000000000000000000
00000020000000000000000000000000
00000000000000000000000000000000
00000000000000000000000000000000
00000000000000000000000000000000
00000000000000000000000000000000
00000000000000000000000000000000
7 0 9 3